3
[2,2,6]

4
[6,6,4,4]

5
[4,4,1,2,3]

6
[1,4,4,4,6,2]

7
[4,1,3,3,4,4,3]

8
[4,2,6,3,6,5,1,6]

9
[4,6,4,2,3,1,2,6,2]

10
[6,4,5,5,6,2,3,2,1,6]

11
[4,2,1,5,6,3,3,4,5,6,5]

12
[3,4,5,4,5,5,6,6,5,1,3,2]

13
[2,3,4,5,1,6,1,5,4,4,2,1,1]

14
[3,1,2,5,1,3,3,4,1,6,3,4,6,4]

15
[5,4,6,4,3,2,4,1,4,5,4,2,3,2,1]

16
[6,2,2,1,5,3,3,6,5,6,5,4,3,1,4,5]

17
[5,5,2,2,4,1,3,6,3,2,6,6,4,1,3,4,1]

18
[6,5,1,6,1,5,3,1,6,5,5,6,3,2,3,4,4,3]

19
[4,1,6,2,6,6,4,2,4,2,5,4,3,1,3,6,1,4,6]

20
[2,6,6,5,1,2,3,1,6,6,5,1,5,3,3,2,6,3,5,5]

21
[4,5,1,3,4,2,4,4,5,4,6,2,6,4,3,3,5,6,4,2,1]

22
[6,3,6,4,3,5,4,2,5,4,5,1,6,1,3,4,2,1,6,2,2,2]

23
[1,1,3,4,2,2,2,1,5,1,1,6,5,4,4,6,6,1,6,6,1,5,2]

24
[1,3,1,2,5,6,1,6,3,1,4,2,3,1,4,5,3,5,6,1,3,3,5,1]

25
[2,6,5,4,3,4,6,5,2,3,1,3,6,3,2,6,6,6,4,1,1,1,4,3,3]

26
[5,2,2,1,5,6,5,6,2,3,3,2,3,3,4,1,1,4,2,2,4,5,1,4,5,6]

27
[2,2,5,1,1,4,1,3,1,6,2,4,5,6,5,3,1,3,1,1,4,3,4,2,1,5,3]

28
[2,1,4,1,1,3,4,6,1,6,5,3,5,5,2,4,3,5,2,4,5,4,2,2,4,2,4,1]

29
[1,6,3,4,1,2,2,6,3,1,6,1,1,3,3,5,2,2,6,1,4,3,4,6,1,1,4,5,5]

30
[1,2,6,4,5,1,2,2,6,3,1,1,1,1,3,3,6,6,5,2,3,1,1,6,4,2,1,1,6,5]

31
[2,5,6,2,3,6,5,4,4,5,4,3,3,5,1,6,3,5,3,5,6,5,6,1,2,6,2,4,6,2,4]

32
[2,4,6,3,4,5,4,4,2,2,1,1,2,4,1,3,1,6,1,4,1,1,1,5,6,6,1,5,2,6,3,1]

33
[4,1,6,6,6,6,5,3,4,4,6,6,5,1,6,5,4,3,3,4,2,1,4,4,5,1,1,1,2,6,3,2,3]

34
[1,3,4,5,2,2,4,6,1,6,4,3,5,2,1,6,1,5,5,6,3,3,4,5,4,5,3,3,2,3,5,3,3,1]

35
[2,3,1,6,1,5,4,3,3,3,5,5,5,3,3,2,5,4,6,6,3,4,6,1,1,5,1,2,2,5,3,6,4,5,1]

36
[2,3,5,6,1,5,4,2,3,5,1,6,2,2,2,4,5,1,6,4,5,1,4,3,2,5,3,2,1,5,4,2,3,6,1,2]

37
[2,1,5,2,3,2,4,1,2,6,3,1,4,5,1,3,3,5,2,2,2,5,5,6,3,4,4,6,5,3,1,4,1,4,4,6,4]

38
[6,4,1,3,6,4,2,1,5,4,1,2,4,6,2,4,5,6,2,2,3,6,5,1,4,5,6,4,2,3,6,2,5,5,4,2,4,4]

39
[4,4,2,2,2,3,6,4,6,1,5,3,5,6,6,5,3,1,2,6,3,1,3,3,3,4,1,6,5,5,5,1,2,1,4,1,6,3,3]

40
[4,4,2,1,1,4,5,4,5,4,2,2,6,3,2,3,6,6,4,6,4,4,6,4,4,1,4,1,2,3,1,3,2,6,1,1,5,5,5,4]

